{"joints":[[3,7,2,0],[8,7,3,0],[3,8,7,2],[15,0,20,0],[15,0,0,0],[15,0,20,0],[15,0,20,0],[15,0,20,0],[15,20,0,0],[15,20,0,0],[15,20,0,0],[15,20,0,0],[15,0,20,0],[0,15,20,0],[15,0,0,0],[15,0,0,0],[15,0,0,0],[15,0,0,0],[15,0,0,0],[15,16,0,0],[16,15,0,0],[15,0,0,0],[15,0,0,0],[15,16,0,0],[15,16,0,0],[15,16,0,0],[16,15,0,0],[15,0,0,0],[16,15,0,0],[17,16,18,0],[17,18,16,0],[16,15,17,0],[17,16,18,0],[17,18,16,0],[16,15,17,0],[16,15,17,0],[16,15,0,0],[15,0,0,0],[0,15,20,0],[0,1,0,0],[15,0,0,0],[0,1,0,0],[0,15,0,0],[0,1,0,0],[3,2,7,0],[2,3,0,0],[2,3,1,0],[2,1,3,0],[3,0,0,0],[2,1,3,0],[2,1,3,0],[0,1,0,0],[17,16,18,0],[17,16,18,0],[17,16,18,0],[17,16,18,0],[18,0,0,0],[16,17,15,0],[17,16,18,0],[17,16,18,0],[17,18,16,0],[18,0,0,0],[18,0,0,0],[17,18,16,0],[17,16,18,0],[17,16,18,0],[18,17,0,0],[18,0,0,0],[18,17,0,0],[18,0,0,0],[17,18,16,0],[0,1,0,0],[0,15,20,0],[17,16,18,0],[8,3,7,9],[3,8,7,0],[8,3,7,9],[8,7,3,2],[7,8,3,2],[8,7,3,9],[8,7,3,9],[8,3,7,9],[8,9,3,7],[9,8,10,0],[8,9,3,7],[8,9,3,7],[8,9,3,7],[8,9,3,10],[9,8,10,0],[9,8,10,0],[9,8,10,0],[9,8,10,0],[9,8,10,0],[9,8,10,0],[8,9,3,7],[9,8,10,0],[9,8,10,0],[9,8,10,0],[8,3,7,9],[3,8,7,0],[17,16,18,0],[17,16,18,0],[2,1,0,0],[2,1,3,0],[2,3,0,0],[3,2,0,0],[10,9,0,0],[10,9,0,0],[10,9,0,0],[10,9,0,0],[10,9,0,0],[10,0,0,0],[10,0,0,0],[10,0,0,0],[10,0,0,0],[10,0,0,0],[10,0,0,0],[10,0,0,0],[10,0,0,0],[10,0,0,0],[10,0,0,0],[10,0,0,0],[10,0,0,0],[10,0,0,0],[10,0,0,0],[10,0,0,0],[10,0,0,0],[10,0,0,0],[10,0,0,0],[10,0,0,0],[10,0,0,0],[10,0,0,0],[10,0,0,0],[10,0,0,0],[3,2,0,0],[3,4,7,5],[3,7,8,2],[3,2,7,0],[7,3,8,2],[5,4,3,0],[4,5,3,0],[4,5,3,0],[5,4,3,0],[4,5,3,0],[4,5,3,0],[5,4,3,0],[3,4,5,0],[3,7,0,0],[3,4,5,7],[3,12,11,2],[20,0,15,0],[20,0,15,0],[20,0,15,0],[20,15,21,0],[20,0,15,0],[20,0,15,21],[20,0,21,15],[20,0,15,0],[20,0,15,0],[20,0,21,15],[20,21,0,0],[21,20,0,0],[20,15,21,0],[20,21,0,0],[20,21,0,0],[20,21,0,0],[20,21,0,0],[21,20,0,0],[20,15,21,0],[21,20,0,0],[22,21,23,0],[22,21,23,0],[22,21,23,0],[22,21,23,0],[21,20,22,0],[21,20,22,0],[21,20,22,0],[21,20,0,0],[20,0,15,0],[0,1,0,0],[20,0,0,0],[1,0,0,0],[0,20,0,0],[1,0,2,0],[3,2,0,0],[2,3,1,0],[2,3,0,0],[2,1,3,0],[12,3,11,2],[12,11,3,0],[2,1,3,12],[22,21,23,0],[22,21,23,0],[22,21,23,0],[22,21,23,0],[22,21,23,0],[22,21,23,0],[22,21,23,0],[22,21,23,0],[23,0,0,0],[21,22,20,23],[22,21,23,0],[22,21,23,0],[23,22,0,0],[22,23,21,0],[23,0,0,0],[23,0,0,0],[23,0,0,0],[22,21,23,0],[22,21,23,0],[23,22,0,0],[23,0,0,0],[22,23,21,0],[12,3,11,13],[12,11,3,0],[12,11,3,0],[12,11,3,0],[12,3,13,0],[12,2,11,3],[12,13,3,0],[12,13,14,0],[13,12,14,0],[12,13,3,0],[12,13,14,0],[12,13,14,0],[13,12,14,0],[12,13,14,0],[13,12,14,0],[12,13,14,0],[13,12,14,0],[13,12,14,0],[12,13,14,0],[13,12,14,0],[13,12,14,0],[13,12,14,0],[12,3,11,0],[12,11,3,2],[2,1,0,0],[14,13,0,0],[14,13,0,0],[14,13,0,0],[14,13,0,0],[14,13,0,0],[14,0,0,0],[14,0,0,0],[14,0,0,0],[14,0,0,0],[14,0,0,0],[14,0,0,0],[14,0,0,0],[14,0,0,0],[14,0,0,0],[14,0,0,0],[14,0,0,0],[14,0,0,0],[14,0,0,0],[14,0,0,0],[14,0,0,0],[14,0,0,0],[14,0,0,0],[14,0,0,0],[14,0,0,0],[14,0,0,0],[14,0,0,0],[14,0,0,0],[14,0,0,0],[11,12,3,2],[3,2,11,12],[11,12,3,2],[12,11,3,2],[12,11,3,2],[5,4,3,0],[4,5,3,0],[4,3,5,0],[5,4,3,0],[4,5,3,0],[5,4,3,0],[4,5,3,0],[3,4,11,5],[3,11,12,0],[3,4,5,0],[3,4,5,0],[5,4,0,0],[5,4,0,0],[5,4,0,0],[5,4,0,0],[5,4,0,0],[5,4,0,0],[5,4,0,0],[5,4,0,0],[5,4,0,0],[5,4,0,0],[5,4,0,0],[5,4,0,0],[5,4,0,0],[5,4,0,0],[5,4,0,0],[4,5,3,0],[5,4,0,0],[5,4,0,0],[5,4,0,0],[5,4,0,0],[5,4,0,0],[5,4,0,0],[5,4,0,0],[5,4,0,0],[5,4,0,0],[5,4,0,0],[5,4,0,0],[5,4,0,0],[5,4,0,0],[5,4,0,0],[5,4,0,0],[5,4,0,0],[5,4,0,0],[5,4,0,0],[5,4,0,0],[5,4,0,0],[5,4,0,0],[5,4,0,0],[5,4,0,0],[5,4,0,0],[5,4,0,0],[5,4,0,0],[5,4,0,0],[5,4,0,0],[5,4,0,0],[5,4,0,0],[5,4,0,0],[5,4,0,0],[5,4,0,0],[5,4,0,0],[5,4,0,0],[5,4,0,0],[5,4,0,0],[5,4,0,0],[5,4,0,0],[5,4,0,0]],"weights":[[0.82545,0.144111,0.0304391,0],[0.520225,0.254026,0.225748,0],[0.433322,0.292373,0.153543,0.120763],[0.706955,0.293006,0.0000392436,0],[0.860283,0.139717,0,0],[0.933574,0.0664251,5.41819e-7,0],[0.794486,0.104707,0.100807,0],[0.461172,0.444861,0.0939674,0],[1,7.31116e-10,0,0],[0.703974,0.234787,0.0612395,0],[0.928136,0.0718643,0,0],[0.600551,0.210038,0.189411,0],[0.796437,0.203563,4.16529e-8,0],[0.546057,0.394316,0.0596273,0],[1,0,0,0],[0.897915,0.102085,0,0],[1,0,0,0],[1,0,0,0],[1,0,0,0],[0.674519,0.325481,0,0],[0.618387,0.381613,0,0],[1,0,0,0],[1,0,0,0],[0.831626,0.168374,0,0],[0.79785,0.20215,0,0],[0.813408,0.186592,0,0],[0.842199,0.157801,0,0],[1,0,0,0],[0.942471,0.0575288,0,0],[0.69185,0.221886,0.0862643,0],[0.562034,0.277282,0.160685,0],[0.996479,0.0034511,0.0000703701,0],[0.739072,0.191008,0.0699196,0],[0.624891,0.283289,0.0918195,0],[0.997235,0.00259625,0.000168969,0],[0.999021,0.000907715,0.0000716873,0],[0.986621,0.0133788,0,0],[0.591333,0.408667,0,0],[0.720795,0.209641,0.0695636,0],[0.711286,0.288714,0,0],[0.614254,0.385746,0,0],[0.514643,0.485357,0,0],[0.545079,0.454921,0,0],[0.510192,0.489808,0,0],[0.628325,0.370886,0.000789108,0],[0.697225,0.302775,0,0],[0.783056,0.181747,0.035197,0],[0.690944,0.220824,0.0882319,0],[1,0,0,0],[0.737087,0.180332,0.082581,0],[0.789211,0.188983,0.0218064,0],[0.603942,0.396058,0,0],[0.740246,0.243065,0.0166891,0],[0.638877,0.352731,0.00839261,0],[0.785707,0.192717,0.0215757,0],[0.81675,0.0944346,0.0888154,0],[1,0,0,0],[0.996748,0.00318821,0.0000633796,0],[0.793768,0.188383,0.0178495,0],[0.804282,0.172574,0.0231441,0],[0.525141,0.443907,0.0309525,0],[1,0,0,0],[1,0,0,0],[0.64763,0.218872,0.133498,0],[0.694235,0.296315,0.00944933,0],[0.818976,0.131341,0.0496837,0],[0.851786,0.148214,0,0],[1,0,0,0],[0.96055,0.0394503,0,0],[1,0,0,0],[0.591076,0.343501,0.0654231,0],[0.701708,0.298292,0,0],[0.809954,0.142439,0.0476068,0],[0.590098,0.398317,0.0115853,0],[0.941455,0.0388465,0.0150514,0.00464675],[0.536641,0.271372,0.191987,0],[0.590925,0.251783,0.157162,0.000128918],[0.460988,0.433556,0.101055,0.00440114],[0.436346,0.307556,0.242672,0.0134264],[0.797362,0.112117,0.0900551,0.000465831],[0.861862,0.0801503,0.0574589,0.000528527],[0.937603,0.0448281,0.0135278,0.00404076],[0.92796,0.0663996,0.00437064,0.00126997],[0.920729,0.0792711,4.58152e-10,0],[0.827637,0.170719,0.00131794,0.000326413],[0.955415,0.0281536,0.012932,0.00349908],[0.796915,0.202292,0.000679064,0.000113959],[0.507796,0.492093,0.000111217,4.96043e-10],[0.796179,0.203821,4.14059e-9,0],[0.674601,0.325399,8.44797e-11,0],[0.953725,0.0462744,6.85288e-7,0],[0.983562,0.0164381,3.60627e-7,0],[0.970697,0.0293015,0.00000120432,0],[0.66351,0.33649,8.41899e-12,0],[0.927741,0.0691402,0.00267234,0.00044653],[0.915816,0.0841844,9.6866e-8,0],[0.991344,0.00865494,6.40944e-7,0],[0.98533,0.0146672,0.0000028746,0],[0.8532,0.108269,0.0375255,0.00100515],[0.458679,0.305881,0.235439,0],[0.701031,0.281678,0.0172913,0],[0.713717,0.257131,0.0291523,0],[0.712152,0.287848,0,0],[0.76833,0.224413,0.00725697,0],[0.744875,0.255125,0,0],[0.597328,0.402672,0,0],[0.829109,0.170891,0,0],[0.856416,0.143584,0,0],[0.881959,0.118041,0,0],[0.861194,0.138806,0,0],[0.872484,0.127516,0,0],[1,0,0,0],[1,0,0,0],[1,0,0,0],[1,0,0,0],[1,0,0,0],[1,0,0,0],[1,0,0,0],[1,0,0,0],[1,0,0,0],[1,0,0,0],[1,0,0,0],[1,0,0,0],[1,0,0,0],[1,0,0,0],[1,0,0,0],[1,0,0,0],[1,0,0,0],[1,0,0,0],[1,0,0,0],[1,0,0,0],[1,0,0,0],[1,0,0,0],[1,0,0,0],[0.880626,0.119374,0,0],[0.871052,0.11489,0.00760977,0.00644807],[0.571084,0.349471,0.0518094,0.0276362],[0.782564,0.172394,0.0450412,0],[0.547501,0.367068,0.0772065,0.00822444],[0.544344,0.405223,0.0504337,0],[0.423676,0.32273,0.253593,0],[0.425732,0.355877,0.218391,0],[0.633943,0.34084,0.025218,0],[0.492293,0.356332,0.151375,0],[0.428436,0.354739,0.216825,0],[0.706136,0.28059,0.0132742,0],[0.680874,0.278458,0.040668,0],[0.788865,0.211135,0,0],[0.811211,0.168123,0.0151381,0.00552858],[0.387397,0.255661,0.238078,0.118863],[0.578863,0.341654,0.0794826,0],[0.880395,0.07723,0.0423748,0],[0.848503,0.151051,0.000445796,0],[0.997622,0.00229403,0.0000836037,0],[0.800363,0.199049,0.000588962,0],[0.998485,0.00143292,0.0000450159,0.000036738],[0.997642,0.00235672,4.60626e-7,3.35957e-7],[0.896033,0.103967,1.04539e-7,0],[0.988927,0.0108746,0.000198641,0],[0.999832,0.0000959318,0.0000719691,2.11408e-8],[0.548586,0.451414,0,0],[0.740065,0.259935,0,0],[0.997381,0.00179117,0.000827393,0],[0.999754,0.000245786,0,0],[0.70685,0.29315,0,0],[0.69785,0.30215,0,0],[0.70352,0.29648,0,0],[0.886988,0.113012,0,0],[0.987724,0.0117865,0.000489986,0],[0.968858,0.0311415,0,0],[0.639859,0.303561,0.0565803,0],[0.56467,0.250786,0.184544,0],[0.672819,0.313275,0.0139064,0],[0.705766,0.171434,0.1228,0],[0.998629,0.00118416,0.000186413,0],[0.997703,0.00205505,0.0002415,0],[0.996821,0.00308617,0.0000926619,0],[0.991912,0.00808828,0,0],[0.500814,0.498548,0.000637949,0],[0.69052,0.30948,0,0],[0.515851,0.484149,0,0],[0.505904,0.494096,0,0],[0.651421,0.348579,0,0],[0.500241,0.498314,0.00144539,0],[0.560795,0.439204,0,0],[0.833754,0.109323,0.0569236,0],[0.735759,0.264241,0,0],[0.760598,0.205313,0.0340887,0],[0.556821,0.174058,0.136903,0.132218],[0.871267,0.0744113,0.0543212,0],[0.815323,0.182578,0.00209283,0.00000572224],[0.581347,0.417465,0.00118855,0],[0.632054,0.366405,0.0015403,0],[0.727735,0.268769,0.00349612,0],[0.65964,0.338871,0.00148923,0],[0.554968,0.441032,0.00400042,0],[0.654886,0.338737,0.00637744,0],[0.730963,0.2615,0.00753635,0],[0.779143,0.192243,0.0286136,0],[1,0,0,0],[0.991409,0.00851586,0.0000529962,0.0000218939],[0.774726,0.209817,0.0154568,0],[0.733004,0.262345,0.00465072,0],[0.997689,0.00231137,0,0],[0.592932,0.335923,0.0711453,0],[1,0,0,0],[1,0,0,0],[1,0,0,0],[0.6708,0.315796,0.0134037,0],[0.628435,0.204258,0.167307,0],[0.831057,0.168943,0,0],[1,0,0,0],[0.59298,0.296868,0.110152,0],[0.974175,0.02363,0.00132824,0.000866911],[0.924798,0.0514111,0.023791,0],[0.868145,0.118253,0.013602,0],[0.953549,0.0331072,0.013344,0],[0.984437,0.0141388,0.00142448,0],[0.713439,0.130306,0.107537,0.0487186],[0.972687,0.0246849,0.00262793,0],[0.930192,0.0698082,2.75068e-11,0],[0.824705,0.175295,6.19693e-9,0],[0.982043,0.0117319,0.00622503,0],[0.908188,0.0918117,7.79167e-11,0],[0.725514,0.274486,1.21083e-9,0],[0.609229,0.390771,5.31362e-9,0],[0.53031,0.46969,1.58089e-8,0],[0.879502,0.120498,6.8532e-8,0],[0.533188,0.466812,7.93766e-9,0],[0.970197,0.0297612,0.0000419383,0],[0.942638,0.057326,0.0000356819,0],[0.971603,0.0283972,1.80506e-11,0],[0.814647,0.185353,1.63531e-7,0],[0.981331,0.0186673,0.00000216306,0],[0.956126,0.0438734,2.11054e-7,0],[0.964836,0.0189262,0.0162376,0],[0.700196,0.164538,0.129924,0.00534179],[0.76543,0.23457,0,0],[0.749453,0.250547,0,0],[0.792515,0.207485,0,0],[0.818479,0.181521,0,0],[0.780724,0.219276,0,0],[0.824801,0.175199,0,0],[1,0,0,0],[1,0,0,0],[1,0,0,0],[1,0,0,0],[1,0,0,0],[1,0,0,0],[1,0,0,0],[1,0,0,0],[1,0,0,0],[1,0,0,0],[1,0,0,0],[1,0,0,0],[1,0,0,0],[1,0,0,0],[1,0,0,0],[1,0,0,0],[1,0,0,0],[1,0,0,0],[1,0,0,0],[1,0,0,0],[1,0,0,0],[1,0,0,0],[1,0,0,0],[0.488999,0.33244,0.13708,0.0414814],[0.712008,0.243417,0.0325099,0.0120659],[0.522899,0.442044,0.0290296,0.00602746],[0.772478,0.222056,0.00285071,0.0026154],[0.652939,0.320456,0.0150166,0.0115881],[0.532672,0.397588,0.0697397,0],[0.378688,0.326633,0.294679,0],[0.401183,0.301244,0.297572,0],[0.620381,0.329762,0.0498569,0],[0.377158,0.323972,0.29887,0],[0.688594,0.297085,0.0143213,0],[0.410224,0.347874,0.241902,0],[0.849871,0.131116,0.0103647,0.00864818],[0.530319,0.333327,0.136354,0],[0.784475,0.187096,0.0284282,0],[0.611083,0.297317,0.0916003,0],[0.99511,0.00489022,0,0],[0.989441,0.0105592,0,0],[0.989665,0.0103349,0,0],[0.954171,0.0458291,0,0],[0.957218,0.0427825,0,0],[0.985557,0.014443,0,0],[0.948662,0.0513377,0,0],[0.934658,0.065342,0,0],[0.977766,0.0222345,0,0],[0.783765,0.216235,0,0],[0.958749,0.041251,0,0],[0.981798,0.0182017,0,0],[0.808469,0.191531,0,0],[0.938833,0.0611665,0,0],[0.795935,0.204065,0,0],[0.47765,0.443065,0.0792847,0],[0.990457,0.00954335,0,0],[0.996676,0.00332416,0,0],[0.992986,0.00701353,0,0],[0.994991,0.00500926,0,0],[0.996455,0.00354461,0,0],[0.99326,0.00674018,0,0],[0.996063,0.00393657,0,0],[0.986163,0.0138366,0,0],[0.861237,0.138763,0,0],[0.996004,0.00399651,0,0],[0.992353,0.00764684,0,0],[0.991116,0.0088836,0,0],[0.959655,0.040345,0,0],[0.964628,0.0353721,0,0],[0.742953,0.257047,0,0],[0.988666,0.0113343,0,0],[0.950492,0.0495085,0,0],[0.980196,0.0198042,0,0],[0.934524,0.0654764,0,0],[0.785733,0.214267,0,0],[0.814723,0.185277,0,0],[0.976593,0.023407,0,0],[0.994669,0.00533142,0,0],[0.978529,0.0214712,0,0],[0.975833,0.0241672,0,0],[0.978095,0.0219052,0,0],[0.970571,0.0294293,0,0],[0.975353,0.0246467,0,0],[0.976694,0.0233064,0,0],[0.968473,0.0315268,0,0],[0.977995,0.0220049,0,0],[0.943838,0.0561616,0,0],[0.974341,0.0256586,0,0],[0.91795,0.0820501,0,0],[0.941668,0.0583322,0,0],[0.970172,0.029828,0,0],[0.969947,0.0300528,0,0],[0.978179,0.0218206,0,0],[0.970603,0.029397,0,0],[0.979344,0.0206564,0,0]]}