{"joints":[[3,2,0,0],[4,3,5,0],[4,3,5,0],[3,7,2,0],[3,2,0,0],[4,3,5,0],[4,3,5,0],[3,7,2,0],[3,2,0,0],[3,0,0,0],[7,3,0,0],[3,7,8,2],[8,7,3,0],[7,8,3,2],[8,3,7,2],[7,8,3,2],[3,7,8,2],[5,4,0,0],[5,4,0,0],[5,4,0,0],[5,4,0,0],[5,4,3,0],[5,4,0,0],[5,4,0,0],[4,5,3,0],[5,4,3,0],[4,5,3,0],[4,3,5,0],[5,4,0,0],[5,4,0,0],[5,4,0,0],[5,4,0,0],[5,4,0,0],[5,4,0,0],[5,4,0,0],[5,4,0,0],[5,4,3,0],[5,4,3,0],[5,4,0,0],[5,4,0,0],[5,4,0,0],[5,4,0,0],[5,4,0,0],[5,4,0,0],[5,4,0,0],[5,4,0,0],[5,4,0,0],[0,15,0,0],[0,15,0,0],[15,0,20,0],[15,0,20,0],[0,15,0,0],[15,0,20,0],[15,0,20,0],[15,20,0,0],[15,0,20,0],[15,0,0,0],[15,0,0,0],[0,15,0,0],[15,0,0,0],[15,0,0,0],[15,0,0,0],[15,16,0,0],[15,16,0,0],[15,0,0,0],[15,16,0,0],[15,16,0,0],[15,16,0,0],[15,16,0,0],[15,16,0,0],[16,15,17,0],[17,18,16,0],[17,18,16,0],[16,15,17,0],[16,15,17,0],[16,15,0,0],[17,18,16,0],[0,1,0,0],[0,0,0,0],[0,15,0,0],[0,1,0,0],[1,2,0,0],[1,2,0,0],[0,1,0,0],[0,1,0,0],[1,2,0,0],[1,2,0,0],[1,2,0,0],[8,3,7,9],[1,0,0,0],[17,16,18,0],[17,16,18,0],[17,16,18,0],[17,16,18,0],[17,16,18,0],[17,16,18,0],[17,16,18,0],[17,16,18,0],[17,16,18,0],[18,0,0,0],[16,17,18,15],[17,18,16,0],[17,16,18,0],[18,0,0,0],[18,17,16,0],[18,0,0,0],[18,0,0,0],[17,16,18,0],[17,18,16,0],[17,16,18,0],[18,17,0,0],[18,17,0,0],[18,0,0,0],[8,3,7,9],[8,7,3,9],[8,3,7,9],[8,9,3,7],[9,8,10,0],[8,9,3,7],[8,9,3,7],[8,7,3,9],[8,9,3,7],[8,9,3,7],[9,8,10,0],[9,8,3,7],[9,8,10,0],[9,8,10,0],[8,9,3,7],[9,8,10,0],[8,9,3,7],[9,8,10,0],[9,8,10,0],[9,8,10,0],[8,3,7,9],[10,0,0,0],[10,0,0,0],[10,0,0,0],[10,0,0,0],[10,0,0,0],[10,0,0,0],[10,0,0,0],[10,0,0,0],[10,0,0,0],[10,0,0,0],[10,0,0,0],[10,0,0,0],[10,0,0,0],[10,0,0,0],[10,0,0,0],[10,0,0,0],[10,0,0,0],[10,0,0,0],[10,0,0,0],[10,0,0,0],[10,0,0,0],[10,0,0,0],[10,0,0,0],[10,0,0,0],[10,0,0,0],[10,0,0,0],[10,0,0,0],[10,0,0,0],[0,15,20,0],[4,3,5,0],[11,3,12,0],[3,2,0,0],[3,11,12,0],[3,4,5,0],[3,2,0,0],[3,4,5,11],[11,12,3,0],[5,4,0,0],[5,4,0,0],[5,4,0,0],[5,4,0,0],[5,4,0,0],[5,4,3,0],[5,4,0,0],[4,5,3,0],[5,4,3,0],[5,4,0,0],[5,4,0,0],[5,4,0,0],[5,4,3,0],[5,4,3,0],[5,4,0,0],[0,20,0,0],[20,0,15,0],[0,20,0,0],[20,0,15,0],[20,0,15,0],[20,0,15,0],[20,0,0,0],[20,0,0,0],[20,21,0,0],[20,21,0,0],[20,21,0,0],[20,0,0,0],[20,21,0,0],[20,21,0,0],[20,21,0,0],[20,21,0,0],[22,23,21,0],[22,21,23,0],[21,20,22,0],[21,20,22,0],[21,20,22,0],[21,20,0,0],[0,20,0,0],[0,1,0,0],[1,2,0,0],[0,1,0,0],[1,0,0,0],[1,2,0,0],[1,2,0,0],[22,21,23,0],[22,21,23,0],[22,21,23,0],[22,21,23,0],[23,0,0,0],[22,23,21,0],[21,22,23,20],[22,23,21,0],[22,21,23,0],[22,23,21,0],[22,23,21,0],[22,21,23,0],[23,0,0,0],[23,0,0,0],[22,21,23,0],[22,21,23,0],[22,21,23,0],[22,21,23,0],[23,22,0,0],[23,0,0,0],[23,0,0,0],[23,22,0,0],[20,0,0,0],[20,0,15,0],[0,20,0,0],[22,21,23,0],[22,21,23,0],[12,3,11,13],[12,3,11,0],[12,3,2,11],[12,11,2,3],[12,11,3,0],[11,12,3,2],[12,11,3,2],[12,3,11,13],[12,11,3,0],[12,13,3,14],[12,13,3,14],[13,12,14,0],[12,3,11,0],[12,13,14,0],[12,13,14,0],[12,13,14,0],[12,13,14,0],[13,12,14,0],[12,13,14,0],[13,12,14,0],[13,12,14,0],[12,13,3,14],[12,13,3,14],[13,12,14,0],[13,12,14,0],[13,12,14,0],[12,11,3,0],[12,11,3,2],[14,13,0,0],[14,13,0,0],[14,13,0,0],[14,13,0,0],[14,13,0,0],[14,0,0,0],[14,0,0,0],[14,0,0,0],[14,0,0,0],[14,0,0,0],[14,0,0,0],[14,0,0,0],[14,0,0,0],[14,0,0,0],[14,0,0,0],[14,0,0,0],[14,0,0,0],[14,0,0,0],[14,0,0,0],[14,0,0,0],[14,0,0,0],[14,0,0,0],[14,0,0,0],[14,0,0,0],[14,0,0,0],[14,0,0,0],[14,0,0,0],[14,0,0,0]],"weights":[[0.929243,0.0707571,0,0],[0.457167,0.363237,0.179596,0],[0.533137,0.259374,0.207489,0],[0.56789,0.424891,0.00721943,0],[0.930085,0.069915,0,0],[0.441717,0.33632,0.221963,0],[0.453086,0.309627,0.237287,0],[0.758636,0.239904,0.00146023,0],[0.766433,0.233567,0,0],[1,0,0,0],[0.617056,0.382944,0,0],[0.50799,0.272568,0.196945,0.0224968],[0.509551,0.359665,0.130784,0],[0.524315,0.405891,0.0653308,0.00446328],[0.416537,0.29881,0.242224,0.0424293],[0.559531,0.222534,0.205819,0.0121163],[0.498889,0.201245,0.164806,0.135061],[0.992332,0.0076681,0,0],[0.983889,0.0161107,0,0],[0.984364,0.0156365,0,0],[0.933024,0.0669761,0,0],[0.589839,0.37888,0.0312814,0],[0.926879,0.0731215,0,0],[0.973149,0.0268513,0,0],[0.487611,0.473987,0.038402,0],[0.562948,0.414175,0.022877,0],[0.544944,0.395825,0.0592306,0],[0.451234,0.287278,0.261488,0],[0.913555,0.0864447,0,0],[0.893741,0.106259,0,0],[0.965039,0.0349613,0,0],[0.671697,0.328303,0,0],[0.93123,0.0687696,0,0],[0.970723,0.0292765,0,0],[0.674605,0.325395,0,0],[0.895964,0.104036,0,0],[0.634632,0.362881,0.00248733,0],[0.527717,0.412204,0.0600786,0],[0.928484,0.0715156,0,0],[0.977555,0.0224452,0,0],[0.993725,0.00627515,0,0],[0.987562,0.0124377,0,0],[0.989698,0.0103022,0,0],[0.993784,0.00621561,0,0],[0.989343,0.0106575,0,0],[0.977742,0.0222575,0,0],[0.742171,0.257829,0,0],[0.799429,0.200571,0,0],[0.70101,0.29899,0,0],[0.868603,0.131397,9.1184e-8,0],[0.723785,0.23342,0.0427949,0],[0.932141,0.067859,0,0],[0.966587,0.0334132,5.78226e-8,0],[0.613032,0.351227,0.0357401,0],[0.883386,0.0861194,0.0304946,0],[0.799951,0.200049,1.96774e-8,0],[0.932596,0.067404,0,0],[0.875156,0.124844,0,0],[0.682649,0.317351,0,0],[0.930552,0.0694478,0,0],[0.924014,0.0759863,0,0],[0.947254,0.0527462,0,0],[0.999006,0.000993678,0,0],[0.995488,0.00451246,0,0],[0.932676,0.0673242,0,0],[0.998957,0.00104324,0,0],[0.998782,0.0012182,0,0],[0.998437,0.00156342,0,0],[0.967595,0.0324054,0,0],[0.851505,0.148495,0,0],[0.904671,0.0942404,0.00108901,0],[0.550463,0.310021,0.139515,0],[0.475968,0.451111,0.0729206,0],[0.923574,0.0751681,0.00125754,0],[0.956807,0.0422893,0.000903226,0],[0.666089,0.333911,0,0],[0.677452,0.167734,0.154814,0],[0.720585,0.279415,0,0],[1,0,0,0],[0.777788,0.222212,0,0],[0.710032,0.289968,0,0],[0.67799,0.30231,0.0197003,0],[0.536176,0.463824,0,0],[0.653733,0.346267,0,0],[0.504963,0.495037,0,0],[0.613314,0.376698,0.00998764,0],[0.682924,0.285496,0.03158,0],[0.62864,0.317012,0.054348,0],[0.553734,0.248439,0.197528,0.00029782],[0.51928,0.48072,0,0],[0.621618,0.357634,0.020748,0],[0.671418,0.30646,0.022122,0],[0.6957,0.261945,0.042356,0],[0.73807,0.216706,0.0452231,0],[0.610664,0.363261,0.026075,0],[0.750792,0.201636,0.0475725,0],[0.679047,0.282782,0.0381711,0],[0.662946,0.19303,0.144024,0],[0.723238,0.140687,0.136075,0],[1,0,0,0],[0.979334,0.0108215,0.0060667,0.00377782],[0.618068,0.254123,0.127809,0],[0.756749,0.160111,0.0831407,0],[1,0,0,0],[0.487107,0.475847,0.0370452,0],[1,0,0,0],[1,0,0,0],[0.687228,0.254694,0.0580783,0],[0.542038,0.382742,0.0752201,0],[0.7607,0.204244,0.0350563,0],[0.837105,0.162895,0,0],[0.912316,0.0876841,0,0],[1,0,0,0],[0.927935,0.0438761,0.0204919,0.00769697],[0.938179,0.0406103,0.0200062,0.00120422],[0.941341,0.034575,0.0191813,0.00490242],[0.938526,0.0470105,0.010145,0.00431861],[0.947574,0.0524261,5.68491e-8,0],[0.875895,0.120603,0.00252536,0.000976898],[0.94804,0.0275143,0.0169503,0.00749496],[0.896155,0.0540316,0.0483679,0.0014457],[0.81023,0.188736,0.000780882,0.000253214],[0.717434,0.281824,0.000588441,0.000153159],[0.677536,0.322464,1.74127e-8,0],[0.518131,0.481819,0.0000376736,0.0000118226],[0.971338,0.0285395,0.000122735,0],[0.978403,0.0214564,0.000140437,0],[0.652898,0.344316,0.00204743,0.000738699],[0.987701,0.012068,0.000231168,0],[0.95328,0.04198,0.00354906,0.00119134],[0.929809,0.0701873,0.00000360054,0],[0.994325,0.00548485,0.00019044,0],[0.993139,0.00628455,0.000576707,0],[0.913778,0.0479488,0.036782,0.00149083],[1,0,0,0],[1,0,0,0],[1,0,0,0],[1,0,0,0],[1,0,0,0],[1,0,0,0],[1,0,0,0],[1,0,0,0],[1,0,0,0],[1,0,0,0],[1,0,0,0],[1,0,0,0],[1,0,0,0],[1,0,0,0],[1,0,0,0],[1,0,0,0],[1,0,0,0],[1,0,0,0],[1,0,0,0],[1,0,0,0],[1,0,0,0],[1,0,0,0],[1,0,0,0],[1,0,0,0],[1,0,0,0],[1,0,0,0],[1,0,0,0],[1,0,0,0],[0.757909,0.122657,0.119434,0],[0.436825,0.405279,0.157897,0],[0.646968,0.185575,0.167458,0],[0.912117,0.0878829,0,0],[0.433651,0.418193,0.148155,0],[0.414813,0.39038,0.194807,0],[0.721586,0.278414,0,0],[0.447297,0.37515,0.177384,0.000169528],[0.706791,0.230436,0.0627734,0],[0.993245,0.00675516,0,0],[0.985879,0.0141213,0,0],[0.98585,0.0141497,0,0],[0.931391,0.0686092,0,0],[0.923171,0.0768288,0,0],[0.533177,0.3869,0.0799236,0],[0.973868,0.0261316,0,0],[0.489825,0.446729,0.063446,0],[0.51362,0.401568,0.0848126,0],[0.912549,0.0874512,0,0],[0.967901,0.0320992,0,0],[0.892626,0.107374,0,0],[0.652725,0.344282,0.00299222,0],[0.662744,0.336656,0.000600154,0],[0.988525,0.0114752,0,0],[0.903693,0.0963065,0,0],[0.800708,0.150704,0.0485885,0],[0.789141,0.210859,0,0],[0.976046,0.0216283,0.0023258,0],[0.843397,0.154137,0.00246592,0],[0.965402,0.03376,0.00083848,0],[0.920661,0.0793394,0,0],[0.951512,0.0484877,0,0],[0.995203,0.00479711,0,0],[0.987448,0.0125516,0,0],[0.99697,0.00303028,0,0],[0.936761,0.0632394,0,0],[0.995915,0.00408546,0,0],[0.931169,0.0688309,0,0],[0.993227,0.00677274,0,0],[0.717248,0.282752,0,0],[0.515361,0.277495,0.207145,0],[0.651352,0.287004,0.061644,0],[0.970363,0.0285956,0.00104113,0],[0.942825,0.0556009,0.00157412,0],[0.942576,0.0559839,0.00144017,0],[0.752083,0.247917,0,0],[0.851782,0.148218,0,0],[0.721359,0.278641,0,0],[0.68309,0.296072,0.0208387,0],[0.636047,0.363953,0,0],[0.503159,0.496841,0,0],[0.604259,0.38402,0.0117207,0],[0.526633,0.473367,0,0],[0.68615,0.304976,0.00887418,0],[0.645277,0.347911,0.00681232,0],[0.591331,0.405291,0.0033777,0],[0.642091,0.341392,0.0165169,0],[1,0,0,0],[0.598453,0.225624,0.175923,0],[0.981138,0.0144489,0.00228196,0.00213119],[0.614356,0.201919,0.183725,0],[0.719013,0.261977,0.0190103,0],[0.54856,0.326753,0.124687,0],[0.508071,0.40846,0.0834689,0],[0.714554,0.243941,0.0415047,0],[1,0,0,0],[1,0,0,0],[0.646395,0.320488,0.0331168,0],[0.716428,0.272393,0.0111796,0],[0.734255,0.234411,0.0313338,0],[0.63085,0.364935,0.00421502,0],[0.835625,0.164375,0,0],[1,0,0,0],[1,0,0,0],[0.921709,0.0782911,0,0],[0.935054,0.0649458,0,0],[0.928768,0.0712249,0.00000667224,0],[0.764301,0.235699,0,0],[0.639223,0.264148,0.0966291,0],[0.569491,0.420686,0.0098229,0],[0.96304,0.0319416,0.00329392,0.00172469],[0.860224,0.0841132,0.0556623,0],[0.442709,0.234481,0.174275,0.148534],[0.655239,0.341726,0.00173035,0.00130523],[0.962978,0.0238991,0.0131231,0],[0.504342,0.478296,0.00932592,0.00803646],[0.78064,0.21273,0.00552201,0.00110796],[0.981472,0.0142927,0.00274071,0.00149488],[0.850331,0.112915,0.0367545,0],[0.972615,0.0160088,0.0113767,3.77945e-10],[0.952198,0.0445745,0.00322785,3.92312e-10],[0.885571,0.114428,6.71305e-7,0],[0.943276,0.0283624,0.0283617,0],[0.92115,0.0788505,5.89314e-10,0],[0.862867,0.137133,7.27215e-9,0],[0.541734,0.458266,2.3035e-8,0],[0.68477,0.31523,5.8246e-8,0],[0.921015,0.0789759,0.00000906783,0],[0.81789,0.18211,2.07706e-8,0],[0.975243,0.0226118,0.00214482,0],[0.956175,0.041763,0.0020622,0],[0.978115,0.0110253,0.0108601,9.05471e-10],[0.979669,0.0171338,0.00319682,1.50505e-9],[0.844993,0.155,0.00000674226,0],[0.983862,0.0161344,0.00000339775,0],[0.977016,0.0228368,0.000146925,0],[0.970243,0.0162056,0.013552,0],[0.526816,0.258407,0.169124,0.0456529],[0.986612,0.0133884,0,0],[0.97482,0.0251801,0,0],[0.994137,0.0058632,0,0],[0.995535,0.0044651,0,0],[0.991127,0.00887297,0,0],[1,0,0,0],[1,0,0,0],[1,0,0,0],[1,0,0,0],[1,0,0,0],[1,0,0,0],[1,0,0,0],[1,0,0,0],[1,0,0,0],[1,0,0,0],[1,0,0,0],[1,0,0,0],[1,0,0,0],[1,0,0,0],[1,0,0,0],[1,0,0,0],[1,0,0,0],[1,0,0,0],[1,0,0,0],[1,0,0,0],[1,0,0,0],[1,0,0,0],[1,0,0,0]]}